0.524239
0.263592
0.171617
0.225234
0.547895
0.236144
0.081204
0.161189
0.432419
0.539065
0.365616
0.179784
0.166902
0.296644
0.321612
0.160591
0.232875
0.494075
0.570799
0.451928
0.182728
0.148103
0.280529
0.401255
0.160182
0.229616
0.310719
0.398470
0.265885
0.189395
0.318240
0.357386
0.351112
0.249882
0.349479
0.444752
0.622685
0.437351
0.162221
0.164043
0.240967
0.301182
0.167169
0.238063
0.366569
0.682024
0.437175
0.160174
0.206119
0.312072
0.229596
0.095422
0.195648
0.279462
0.259119
0.202805
0.074546
0.147604
0.237768
0.357161
0.449085
0.557673
0.409408
0.653995
0.422512
0.125558
0.062617
0.046075
0.103623
0.195199
0.369638
0.431854
0.645106
0.387695
0.313776
0.454797
0.272797
0.024303
0.037566
0.101953
0.203530
